nitt123456|Exness
1283838|Exness
270851786
159839712
270777754
263243734
257260925
183824548
159796757 | Exness
257271460 | Exness
159835272 | Exness
183794057 | Exness
257254658|Exness
257285366
263281532|Exness
159822558
183749331|exness
183794196
263270615
257117913
159840648
159840714
263286107
159829026|Exness
159824298 |exness
183786333
183824106
263290939
257285556|exness
183813871|Exness
433049364
415195305
159863999|exness
263061377|Exness
114135532
159851271
37278811
159830014|Exness
103235099|Exness
257285605
159864541
263278251
183824485
159864654
183769868
159864674
263277177
183671736|Exness
257285855
263276832
263255061
257285712
211073361
183764531
159668117
257285649
183688110
159864814
263261821 | Exness
159865177|Exness
159865180|Exness
102307928
23444697|VTMarkets
183825090
159864962
159821942
257285733
114156586
159865379
183825566|Exness
263296459
411632471 | exness
159865280
371119282
183794812
183783603|Exness
159822225 | Exness
159753061
159865096
257285859
183825195
183825342
183825364
114156901
257183333|Exness
183794236
159730676|Exness
263049757|Exness
257082367|Exness
159805725|Exness
257286101|Exness
257252816 | Exness
263296602
159864140
263259683
263285492
257286283
159865920
159865926
159865934
183826088
183825925
159813645
257259738
183825710
257267203
159819186
257250880
257286171|Exness
159865782|Exness
257286200|Exness
159865785|Exness
211146993|Valetax
183824464
263275544
23444418 Vt market
183824489
257285533
109557877
159866185
159866188
257285498
159821659
159821659
183797383 Exness
159224675
183828222
49406373
159830498
102382630
159693392
23447111
257287154
183828517
263272482
159669656
159865704
159865803
183751616 / Exness
159601889 / Exness
159869118
159823692
257285349|EXNESS
263296278|EXNESS
114135532
183694990
257263643
159825342
183828606
159869965
257254649
159829140
257288278
263297414
183798515
159821515
159870141
263293743
257258872
159716850
159865705
267666946
218409540
433067589
114164651
183832518
183828187
159246971
211146809
159872095
23448744
23448754
23448759
23448763
23448767
159837088 Exness
183804030 Exness
213462942 Exness
201738646 Exness
263079454
159606429
183778550
257247366
263277114
183829905
257261999
159839712
183831686
183827159
263264842
159824388
425051719
183830889
183833570
183830852
263283444
183830369
263193515
263275126
257287166
183833035
159847196
257278681
263293234
257278695
183810496
159849962
159849965
183810498
257278701
183810500
263293255
201434020
183792138
265707272
183763499
263260409|Exness
183789530|Exness
183789542|Exness
23449985
23441307
159855785
263292692
114146065
183778981
159819662 Exness
159819664 Exness
183783822 Exness
257253487 Exness
257253489 Exness
183842071
183840714
183799080
159872283
37278810
257285650
263261196
183831011
263292570
159812581
183794271
263302401
257258641
183824029
257292782
257290567
257201922
159864104
183800003
263276766
411668936
183842270
263219077
159879205
263301400
257291863
159801497
159873117
183833006
211119817
23892050
159874067
159864857
183828268
257258637
263302675
183842314
183842319
183842666
257296334
128546399
263265251
159866402
159847432
23894695
263303099
433099306
159875286
183855111
257288952
263277403
270802255
270802255
270928758
257273319
183848952
257256636
159886232
159837887
159837887
257273319
257264269
183798092
183629489
183855274
159866402
159864859
183864200
415271905
159881864
23340567
11902616
183865963
257201434
183866579
257304891
22668374
183817725
128564148
109585278
257307210
257305751
114184953
159784802
183733529
183868214
183866579
279451865
183863766
263315147
263315148
159895595
159895489
159895370
263321186
24300953
257307248
257307248
159894930
183869604
24183189
257260554
159847198
263248489
257290567
257307712
257309233
183871427
24183259
270979114
263272883
153033670
159844517
263241362
153039346
153035551
153015326
114183677
114174564
90074282
257309444
263321989
24183169
257309960
183579367
159896757
159849972
183875795
263324778
159899365
159899364
183874041
263320704
211121416
211111269
263325248
183548617
153041642
24188438
263288950
183875776
257220486
263224506
183719884
257311760
183869641
159849972
159902238
183869734
183873164
183873169
159898522
22668374
433147807
213527547
183872751
316536566
352046704
183778550
183764344
42996982
263310449
263034370
257314911
257313558
257314981
153046343
153046304
153046307
153046309
153046319
183868390
153033971
257313818
159904081
183877669
257316164
213172001
183870128
159763099
257317599
102394923
114159702
159825342
159863888
263326678
159905322
263327211
257252490
263284910
263288950
183878809
159360057
159906034
183804404
159911168
263272960
257317793
37303373
183882591
105748100
114159605
263333909
102417953
257323580
433236884
263140695
183200310
183234066
159871674
183858292
263335665
102421561
257311034
415347896
263335151
24550315
183811440
183811450
159851341
257326312
159920984
183895656
183884394
159920058
159921002
257326322
183895662
183895666
159921007
263336968
257326327
20578235
159921231
159921231
257326737
267547267
22661456
183895896
159918289
183901096
159128632
257330049
159926404
183903319
24675947
213479547
159868349
218477037
263343750
37278809
37278807
37278808
159921823
257094699
183813228
159807705
24674576
24677404
183825940
159918404
257332968
20593092
257333797
411801582
433245082
263346808
183788033
183803521
183789853
159835974
183791417
213518760
213564660
1050140410
183831750
263349109
159823104
263349014
263347688
183908871
20593092
257020626
263302762
183907985
257335285
263344244
183824030
183824032
585030
194913103
159824388
263349015
257335474
159632593
183781400
159668437
159668436
183060388
109624147
102449704
263351121
183788033
183803521
183789853
159835974
183646415
153027726
361807328
257337775
92247840
26435054
257340724
213407504
88748725
26443251
26443229
183711584
20716226
218488572
50218748
23835779
651411
24982043
183791417
211176067
257343237
263347603
183904978
263255165
257274274
275934160
263296993
654361
159844812
109633548
24677997
415345029
183916277
159940768
159939005
183919806
183919837
267754631
183921887
183920953
183922078
246114498
153090652
246113952
26446869
153098015
159942237
275937055
26445160
211136817
218214793
